image_width: 640
image_height: 480
camera_name: narrow_stereo
camera_matrix:
  rows: 3
  cols: 3
  data: [1290.5, 0.000000, 355.8, 0.000000, 1289.9, 2417.7, 0.000000, 0.0000,1.000000]
distortion_model: plumb_bob
distortion_coefficients:
  rows: 1
  cols: 5
  data: [-0.068135, 0.35870, -0.015866, -0.004433, 0.000000]
rectification_matrix:
  rows: 3
  cols: 3
  data: [1.000000, 0.000000, 0.000000, 0.000000, 1.000000, 0.000000, 0.000000, 0.000000, 1.000000]
projection_matrix:
  rows: 3
  cols: 4
  data: [1261.3, 0.000000, 345.8, 0.000000, 0.000000, 0.000000, 1260.5, 241.1, 0.000000, 0.000000, 0.000000, 1.000000, 0.000000]
