image_width: 1440
image_height: 1080
camera_name: narrow_stereo
camera_matrix:
  rows: 3
  cols: 3
  data: [2434.208511, 0.000000 , 739.678646, 0.000000, 2432.056598, 541.650494, 0.000000, 0.000000, 1.000000]
distortion_model: plumb_bob
distortion_coefficients:
  rows: 1
  cols: 5
  data: [-0.031113, -0.191341, -0.001350, 0.000121, 0.000000]
rectification_matrix:
  rows: 3
  cols: 3
  data: [1.000000 ,0.000000 ,0.000000 ,0.000000 ,1.000000 ,0.000000, 0.000000,0.000000 ,1.000000]
projection_matrix:
  rows: 3
  cols: 4
  data: [2422.161865,0.000000 , 739.472079 ,0.00000, 0.000000 ,0.000000 ,2424.920166 ,540.667524 , 0.000000 ,0.000000 , 0.000000 , 1.000000, 0.000000]