image_width: 1440
image_height: 1080
camera_name: narrow_stereo
camera_matrix:
  rows: 3
  cols: 3
  data: [1807.425845, 0.000000, 732.944872, 0.000000, 1804.465210, 552.900171, 0.000000, 0.000000, 1.000000]
distortion_model: plumb_bob
distortion_coefficients:
  rows: 1
  cols: 5
  data: [-0.091261, 0.043894, -0.000941, 0.000663, 0.000000]
rectification_matrix:
  rows: 3
  cols: 3
  data: [1.000000 ,0.000000 ,0.000000 ,0.000000 ,1.000000 ,0.000000, 0.000000,0.000000 ,1.000000]
projection_matrix:
  rows: 3
  cols: 4
  data: [1781.328003, 0.000000, 733.374668, 0.00000, 0.000000 ,0.000000 ,1788.504395 , 552.117854, 0.000000 ,0.000000 , 0.000000 , 1.000000, 0.000000]