image_width: 1440
image_height: 1080
camera_name: narrow_stereo
camera_matrix:
  rows: 3
  cols: 3
  data: [1824.441218, 0.000000, 732.115734, 0.000000, 1819.207678, 537.214214, 0.000000, 0.000000,1.000000]
distortion_model: plumb_bob
distortion_coefficients:
  rows: 1
  cols: 5
  data: [-0.046555, 0.039004, 0.000737, 0.001086, 0.000000]
rectification_matrix:
  rows: 3
  cols: 3
  data: [1.000000, 0.000000, 0.000000, 0.000000, 1.000000, 0.000000, 0.000000, 0.000000, 1.000000]
projection_matrix:
  rows: 3
  cols: 4
  data: [1811.463257, 0.000000, 732.687234, 0.000000, 0.000000, 1810.549683, 537.056383, 0.000000, 0.000000, 0.000000, 1.000000, 0.000000]